-1.168341502375112917e+00 8.316584976248873051e-01 0.000000000000000000e+00 0.000000000000000000e+00
-1.261170507635920313e+00 7.388294923640799094e-01 0.000000000000000000e+00 0.000000000000000000e+00
-1.883574261039345110e+00 1.164257389606551119e-01 0.000000000000000000e+00 0.000000000000000000e+00
-8.268278827489401461e-01 1.173172117251060076e+00 0.000000000000000000e+00 0.000000000000000000e+00
-2.571438693186113289e-01 1.742856130681388782e+00 0.000000000000000000e+00 0.000000000000000000e+00
-7.811207299715583474e-01 1.218879270028441875e+00 0.000000000000000000e+00 0.000000000000000000e+00
-3.042344174254848488e-01 1.695765582574515262e+00 0.000000000000000000e+00 0.000000000000000000e+00
-1.455965805606292740e+00 5.440341943937077041e-01 0.000000000000000000e+00 0.000000000000000000e+00
-7.791162622405445326e-01 1.220883737759455689e+00 0.000000000000000000e+00 0.000000000000000000e+00
-1.318622076451383629e+00 6.813779235486165931e-01 0.000000000000000000e+00 0.000000000000000000e+00
-2.777944440406791005e-01 1.722205555959321011e+00 0.000000000000000000e+00 0.000000000000000000e+00
-9.629332136117356722e-01 1.037066786388264550e+00 0.000000000000000000e+00 0.000000000000000000e+00
-1.105425514287794009e+00 8.945744857122062133e-01 0.000000000000000000e+00 0.000000000000000000e+00
-1.771465643506988652e-01 1.822853435649301357e+00 0.000000000000000000e+00 0.000000000000000000e+00
-1.427251075424986304e+00 5.727489245750141400e-01 0.000000000000000000e+00 0.000000000000000000e+00
-1.376920503542400365e+00 6.230794964575998574e-01 0.000000000000000000e+00 0.000000000000000000e+00
-3.631389895447768579e-01 1.636861010455223253e+00 0.000000000000000000e+00 0.000000000000000000e+00
-1.866586176544207110e+00 1.334138234557931124e-01 0.000000000000000000e+00 0.000000000000000000e+00
-1.396814452722662470e+00 6.031855472773377524e-01 0.000000000000000000e+00 0.000000000000000000e+00
-5.953300420414782135e-01 1.404669957958522009e+00 0.000000000000000000e+00 0.000000000000000000e+00
-9.153304593182776117e-01 1.084669540681722610e+00 0.000000000000000000e+00 0.000000000000000000e+00
-1.334029135787016651e+00 6.659708642129835710e-01 0.000000000000000000e+00 0.000000000000000000e+00
-5.597164609229050569e-01 1.440283539077095165e+00 0.000000000000000000e+00 0.000000000000000000e+00
-1.631488996874515429e+00 3.685110031254847929e-01 0.000000000000000000e+00 0.000000000000000000e+00
-1.624077572392740088e+00 3.759224276072603566e-01 0.000000000000000000e+00 0.000000000000000000e+00
-5.714409958690866986e-01 1.428559004130913523e+00 0.000000000000000000e+00 0.000000000000000000e+00
-1.709006711208381768e-01 1.829099328879161934e+00 0.000000000000000000e+00 0.000000000000000000e+00
-9.714141517517269619e-01 1.028585848248273260e+00 0.000000000000000000e+00 0.000000000000000000e+00
-1.016826870689725437e+00 9.831731293102747848e-01 0.000000000000000000e+00 0.000000000000000000e+00
-1.979859600702058131e+00 2.014039929794231298e-02 0.000000000000000000e+00 0.000000000000000000e+00
-5.642005928945452720e-01 1.435799407105454950e+00 0.000000000000000000e+00 0.000000000000000000e+00
-1.908762303498942270e+00 9.123769650105806317e-02 0.000000000000000000e+00 0.000000000000000000e+00
-4.604051937762557722e-01 1.539594806223744339e+00 0.000000000000000000e+00 0.000000000000000000e+00
-1.516055683757213224e+00 4.839443162427869982e-01 0.000000000000000000e+00 0.000000000000000000e+00
-2.011006240655919264e-01 1.798899375934408074e+00 0.000000000000000000e+00 0.000000000000000000e+00
-8.548716205338520169e-01 1.145128379466148205e+00 0.000000000000000000e+00 0.000000000000000000e+00
-1.898619431065423413e+00 1.013805689345770311e-01 0.000000000000000000e+00 0.000000000000000000e+00
-5.157983371431016373e-01 1.484201662856898585e+00 0.000000000000000000e+00 0.000000000000000000e+00
-1.256016606085969878e+00 7.439833939140303443e-01 0.000000000000000000e+00 0.000000000000000000e+00
-5.077317743925660043e-01 1.492268225607434218e+00 0.000000000000000000e+00 0.000000000000000000e+00
-1.614781645040714420e+00 3.852183549592860246e-01 0.000000000000000000e+00 0.000000000000000000e+00
-4.123931043152614384e-01 1.587606895684738673e+00 0.000000000000000000e+00 0.000000000000000000e+00
-1.576199378234215853e+00 4.238006217657843688e-01 0.000000000000000000e+00 0.000000000000000000e+00
-1.129405973178678302e+00 8.705940268213219202e-01 0.000000000000000000e+00 0.000000000000000000e+00
-6.506133474957216389e-01 1.349386652504278583e+00 0.000000000000000000e+00 0.000000000000000000e+00
-8.907175588702853641e-02 1.910928244112971575e+00 0.000000000000000000e+00 0.000000000000000000e+00
-1.804358727405263707e+00 1.956412725947367370e-01 0.000000000000000000e+00 0.000000000000000000e+00
-5.923915770063122865e-01 1.407608422993687824e+00 0.000000000000000000e+00 0.000000000000000000e+00
-3.066785518738469607e-01 1.693321448126153150e+00 0.000000000000000000e+00 0.000000000000000000e+00
-1.600132507073174448e+00 3.998674929268259959e-01 0.000000000000000000e+00 0.000000000000000000e+00
-1.824747448344084200e+00 1.752525516559162444e-01 0.000000000000000000e+00 0.000000000000000000e+00
-1.281844318806332206e-01 1.871815568119366890e+00 0.000000000000000000e+00 0.000000000000000000e+00
-1.170311263478339914e+00 8.296887365216603083e-01 0.000000000000000000e+00 0.000000000000000000e+00
-1.217286317351797598e+00 7.827136826482026244e-01 0.000000000000000000e+00 0.000000000000000000e+00
-9.704936776273187515e-02 1.902950632237268236e+00 0.000000000000000000e+00 0.000000000000000000e+00
-1.359858532835157563e+00 6.401414671648426591e-01 0.000000000000000000e+00 0.000000000000000000e+00
-2.818999689599854808e-02 1.971810003104001563e+00 0.000000000000000000e+00 0.000000000000000000e+00
-1.903229000742826305e+00 9.677099925717413953e-02 0.000000000000000000e+00 0.000000000000000000e+00
-1.315299132110425706e+00 6.847008678895745160e-01 0.000000000000000000e+00 0.000000000000000000e+00
-1.726067640685881699e+00 2.739323593141185231e-01 0.000000000000000000e+00 0.000000000000000000e+00
-3.022156790497106948e-01 1.697784320950289416e+00 0.000000000000000000e+00 0.000000000000000000e+00
-1.444755475757240060e+00 5.552445242427603844e-01 0.000000000000000000e+00 0.000000000000000000e+00
-1.747258219228283949e+00 2.527417807717164955e-01 0.000000000000000000e+00 0.000000000000000000e+00
-1.312901929284304048e+00 6.870980707156961742e-01 0.000000000000000000e+00 0.000000000000000000e+00
-3.489744977223138145e-01 1.651025502277686297e+00 0.000000000000000000e+00 0.000000000000000000e+00
-1.581532436282883758e+00 4.184675637171164642e-01 0.000000000000000000e+00 0.000000000000000000e+00
-4.818507411741589364e-01 1.518149258825841175e+00 0.000000000000000000e+00 0.000000000000000000e+00
-1.430214654667478769e+00 5.697853453325214534e-01 0.000000000000000000e+00 0.000000000000000000e+00
-1.102659996794181252e+00 8.973400032058189701e-01 0.000000000000000000e+00 0.000000000000000000e+00
-1.412972849452080126e+00 5.870271505479203178e-01 0.000000000000000000e+00 0.000000000000000000e+00
-1.360207200488463997e+00 6.397927995115362254e-01 0.000000000000000000e+00 0.000000000000000000e+00
-7.578814884659041962e-01 1.242118511534096026e+00 0.000000000000000000e+00 0.000000000000000000e+00
-1.990962984056923180e+00 9.037015943077264524e-03 0.000000000000000000e+00 0.000000000000000000e+00
-3.416234285491034361e-01 1.658376571450896675e+00 0.000000000000000000e+00 0.000000000000000000e+00
-1.289283679714443576e-01 1.871071632028555642e+00 0.000000000000000000e+00 0.000000000000000000e+00
-4.633593077996628340e-01 1.536640692200337277e+00 0.000000000000000000e+00 0.000000000000000000e+00
-1.269199208027684822e+00 7.308007919723154000e-01 0.000000000000000000e+00 0.000000000000000000e+00
-1.798480169220328051e+00 2.015198307796723931e-01 0.000000000000000000e+00 0.000000000000000000e+00
-1.101353732482906134e+00 8.986462675170940884e-01 0.000000000000000000e+00 0.000000000000000000e+00
-4.979653314398213571e-02 1.950203466856017975e+00 0.000000000000000000e+00 0.000000000000000000e+00
-1.149112648435403949e+00 8.508873515645962726e-01 0.000000000000000000e+00 0.000000000000000000e+00
-9.336600032463100440e-01 1.066339996753690178e+00 0.000000000000000000e+00 0.000000000000000000e+00
-1.773581009399113784e+00 2.264189906008865494e-01 0.000000000000000000e+00 0.000000000000000000e+00
-1.459270130978175928e+00 5.407298690218245163e-01 0.000000000000000000e+00 0.000000000000000000e+00
-1.631082236816069786e+00 3.689177631839304361e-01 0.000000000000000000e+00 0.000000000000000000e+00
-1.103315030889743253e+00 8.966849691102569686e-01 0.000000000000000000e+00 0.000000000000000000e+00
-3.325181869201195850e-01 1.667481813079880526e+00 0.000000000000000000e+00 0.000000000000000000e+00
-8.870897491286671155e-01 1.112910250871333107e+00 0.000000000000000000e+00 0.000000000000000000e+00
-9.830383533378694860e-01 1.016961646662130736e+00 0.000000000000000000e+00 0.000000000000000000e+00
-6.376884930472255242e-01 1.362311506952774698e+00 0.000000000000000000e+00 0.000000000000000000e+00
-1.089820766206603730e+00 9.101792337933964916e-01 0.000000000000000000e+00 0.000000000000000000e+00
-9.806532484377985526e-01 1.019346751562201669e+00 0.000000000000000000e+00 0.000000000000000000e+00
-1.869779695741932146e-01 1.813022030425806896e+00 0.000000000000000000e+00 0.000000000000000000e+00
-3.527158975193190882e-01 1.647284102480681023e+00 0.000000000000000000e+00 0.000000000000000000e+00
-1.845627907729792350e+00 1.543720922702080944e-01 0.000000000000000000e+00 0.000000000000000000e+00
-1.164322313798896724e-01 1.883567768620110439e+00 0.000000000000000000e+00 0.000000000000000000e+00
-9.898928570439724517e-03 1.990101071429560387e+00 0.000000000000000000e+00 0.000000000000000000e+00
-3.769709374805819690e-01 1.623029062519418142e+00 0.000000000000000000e+00 0.000000000000000000e+00
-8.020421745655865742e-01 1.197957825434413648e+00 0.000000000000000000e+00 0.000000000000000000e+00
-5.468173960498403652e-01 1.453182603950159857e+00 0.000000000000000000e+00 0.000000000000000000e+00
-9.918951399016866510e-01 1.008104860098313571e+00 0.000000000000000000e+00 0.000000000000000000e+00
-4.645990091754549356e-01 1.535400990824545175e+00 0.000000000000000000e+00 0.000000000000000000e+00
-1.323618416100623030e+00 6.763815838993771923e-01 0.000000000000000000e+00 0.000000000000000000e+00
-6.398715122382401255e-01 1.360128487761760097e+00 0.000000000000000000e+00 0.000000000000000000e+00
-2.367766794135909292e-01 1.763223320586409182e+00 0.000000000000000000e+00 0.000000000000000000e+00
-1.128674479974345113e+00 8.713255200256551092e-01 0.000000000000000000e+00 0.000000000000000000e+00
-1.595923921518259903e+00 4.040760784817403195e-01 0.000000000000000000e+00 0.000000000000000000e+00
-1.954912259854788115e+00 4.508774014521244045e-02 0.000000000000000000e+00 0.000000000000000000e+00
-4.196023118710648925e-01 1.580397688128935219e+00 0.000000000000000000e+00 0.000000000000000000e+00
-5.063971096837952546e-01 1.493602890316204856e+00 0.000000000000000000e+00 0.000000000000000000e+00
-1.126042584313324824e+00 8.739574156866753984e-01 0.000000000000000000e+00 0.000000000000000000e+00
-1.666139109415340602e+00 3.338608905846596198e-01 0.000000000000000000e+00 0.000000000000000000e+00
-9.192609030142828708e-01 1.080739096985717351e+00 0.000000000000000000e+00 0.000000000000000000e+00
-8.621615643400255546e-01 1.137838435659974667e+00 0.000000000000000000e+00 0.000000000000000000e+00
-1.100467118023996882e+00 8.995328819760033401e-01 0.000000000000000000e+00 0.000000000000000000e+00
-8.702928795842796994e-01 1.129707120415720523e+00 0.000000000000000000e+00 0.000000000000000000e+00
-1.851472853426796572e+00 1.485271465732036500e-01 0.000000000000000000e+00 0.000000000000000000e+00
-1.649668463479712077e+00 3.503315365202881448e-01 0.000000000000000000e+00 0.000000000000000000e+00
-1.147854225530924310e-01 1.885214577446907569e+00 0.000000000000000000e+00 0.000000000000000000e+00
-1.134174353607141139e+00 8.658256463928590829e-01 0.000000000000000000e+00 0.000000000000000000e+00
-5.051989653896633570e-01 1.494801034610336865e+00 0.000000000000000000e+00 0.000000000000000000e+00
-1.421487554738999792e+00 5.785124452610004298e-01 0.000000000000000000e+00 0.000000000000000000e+00
-1.856193882066164758e+00 1.438061179338354645e-01 0.000000000000000000e+00 0.000000000000000000e+00
-1.891920364965697043e+00 1.080796350343034007e-01 0.000000000000000000e+00 0.000000000000000000e+00
-1.876064246617954900e+00 1.239357533820453217e-01 0.000000000000000000e+00 0.000000000000000000e+00
1.733804895539767799e+00 2.661951044602323124e-01 0.000000000000000000e+00 0.000000000000000000e+00
2.026679843790291091e-01 1.797332015620971113e+00 0.000000000000000000e+00 0.000000000000000000e+00
4.313268641175815876e-01 1.568673135882418634e+00 0.000000000000000000e+00 0.000000000000000000e+00
1.349918841392119484e+00 6.500811586078807380e-01 0.000000000000000000e+00 0.000000000000000000e+00
5.423486096739154050e-01 1.457651390326084817e+00 0.000000000000000000e+00 0.000000000000000000e+00
8.038857981329050606e-01 1.196114201867095161e+00 0.000000000000000000e+00 0.000000000000000000e+00
1.979226014598283179e+00 2.077398540171671026e-02 0.000000000000000000e+00 0.000000000000000000e+00
7.024765357253566211e-01 1.297523464274643601e+00 0.000000000000000000e+00 0.000000000000000000e+00
1.854488532176828519e+00 1.455114678231715919e-01 0.000000000000000000e+00 0.000000000000000000e+00
1.393656717695380021e+00 6.063432823046200904e-01 0.000000000000000000e+00 0.000000000000000000e+00
8.587390313451854773e-01 1.141260968654814745e+00 0.000000000000000000e+00 0.000000000000000000e+00
7.437061600788461568e-01 1.256293839921154065e+00 0.000000000000000000e+00 0.000000000000000000e+00
5.045218603313355032e-01 1.495478139668664719e+00 0.000000000000000000e+00 0.000000000000000000e+00
1.606295058334987313e+00 3.937049416650127975e-01 0.000000000000000000e+00 0.000000000000000000e+00
4.781429379671413571e-01 1.521857062032859087e+00 0.000000000000000000e+00 0.000000000000000000e+00
1.574630252835688582e+00 4.253697471643115291e-01 0.000000000000000000e+00 0.000000000000000000e+00
1.018805396435327415e+00 9.811946035646728070e-01 0.000000000000000000e+00 0.000000000000000000e+00
2.791178384164073600e-01 1.720882161583592973e+00 0.000000000000000000e+00 0.000000000000000000e+00
3.329725833242096478e-01 1.667027416675790796e+00 0.000000000000000000e+00 0.000000000000000000e+00
6.275049343137970581e-01 1.372495065686203164e+00 0.000000000000000000e+00 0.000000000000000000e+00
1.309663993585606478e+00 6.903360064143937436e-01 0.000000000000000000e+00 0.000000000000000000e+00
1.209219446646675467e-01 1.879078055335333008e+00 0.000000000000000000e+00 0.000000000000000000e+00
1.339685379162327994e+00 6.603146208376722281e-01 0.000000000000000000e+00 0.000000000000000000e+00
1.587553726012046251e+00 4.124462739879538598e-01 0.000000000000000000e+00 0.000000000000000000e+00
1.463330059014602780e+00 5.366699409853974423e-01 0.000000000000000000e+00 0.000000000000000000e+00
3.168980589555971950e-01 1.683101941044403027e+00 0.000000000000000000e+00 0.000000000000000000e+00
2.523944046867123703e-01 1.747605595313288074e+00 0.000000000000000000e+00 0.000000000000000000e+00
7.200454737047401466e-01 1.279954526295260075e+00 0.000000000000000000e+00 0.000000000000000000e+00
1.855516565709584009e+00 1.444834342904161018e-01 0.000000000000000000e+00 0.000000000000000000e+00
3.788860585248345902e-01 1.621113941475165632e+00 0.000000000000000000e+00 0.000000000000000000e+00
1.313341204127207451e+00 6.866587958727927710e-01 0.000000000000000000e+00 0.000000000000000000e+00
7.598673391845585101e-01 1.240132660815441712e+00 0.000000000000000000e+00 0.000000000000000000e+00
3.640421869582581849e-01 1.635957813041742259e+00 0.000000000000000000e+00 0.000000000000000000e+00
1.191733942427667170e+00 8.082660575723330521e-01 0.000000000000000000e+00 0.000000000000000000e+00
1.090546860235511506e+00 9.094531397644887161e-01 0.000000000000000000e+00 0.000000000000000000e+00
1.353627059927594356e+00 6.463729400724058660e-01 0.000000000000000000e+00 0.000000000000000000e+00
1.538114912071027351e+00 4.618850879289727596e-01 0.000000000000000000e+00 0.000000000000000000e+00
8.574670629264393718e-01 1.142532937073560850e+00 0.000000000000000000e+00 0.000000000000000000e+00
1.397111042567558137e-01 1.860288895743244630e+00 0.000000000000000000e+00 0.000000000000000000e+00
9.857999646988624409e-01 1.014200035301137781e+00 0.000000000000000000e+00 0.000000000000000000e+00
1.505653064466373925e+00 4.943469355336261861e-01 0.000000000000000000e+00 0.000000000000000000e+00
1.893441754501073326e+00 1.065582454989267847e-01 0.000000000000000000e+00 0.000000000000000000e+00
1.131334253024746994e+00 8.686657469752532279e-01 0.000000000000000000e+00 0.000000000000000000e+00
1.040945886194769354e+00 9.590541138052308678e-01 0.000000000000000000e+00 0.000000000000000000e+00
1.310300975274677704e+00 6.896990247253225181e-01 0.000000000000000000e+00 0.000000000000000000e+00
4.183310949241787480e-01 1.581668905075821474e+00 0.000000000000000000e+00 0.000000000000000000e+00
8.845090379483979692e-01 1.115490962051602253e+00 0.000000000000000000e+00 0.000000000000000000e+00
8.351795297668451745e-01 1.164820470233155048e+00 0.000000000000000000e+00 0.000000000000000000e+00
1.076562956352312916e+00 9.234370436476873056e-01 0.000000000000000000e+00 0.000000000000000000e+00
1.860269684650443622e+00 1.397303153495562666e-01 0.000000000000000000e+00 0.000000000000000000e+00
1.814294930473757006e+00 1.857050695262431050e-01 0.000000000000000000e+00 0.000000000000000000e+00
6.925343025963326404e-01 1.307465697403667582e+00 0.000000000000000000e+00 0.000000000000000000e+00
7.723579125678312618e-01 1.227642087432168960e+00 0.000000000000000000e+00 0.000000000000000000e+00
1.333981915822175512e+00 6.660180841778247096e-01 0.000000000000000000e+00 0.000000000000000000e+00
1.405676464188646335e+00 5.943235358113538869e-01 0.000000000000000000e+00 0.000000000000000000e+00
1.559190779009983707e+00 4.408092209900165148e-01 0.000000000000000000e+00 0.000000000000000000e+00
1.859043766252316043e+00 1.409562337476840677e-01 0.000000000000000000e+00 0.000000000000000000e+00
1.535122025739806162e+00 4.648779742601939491e-01 0.000000000000000000e+00 0.000000000000000000e+00
1.813526966283842690e+00 1.864730337161574214e-01 0.000000000000000000e+00 0.000000000000000000e+00
9.115389605259822670e-01 1.088461039474017955e+00 0.000000000000000000e+00 0.000000000000000000e+00
1.305887874508093738e+00 6.941121254919064842e-01 0.000000000000000000e+00 0.000000000000000000e+00
1.225690618613782368e+00 7.743093813862178543e-01 0.000000000000000000e+00 0.000000000000000000e+00
2.490003290164277683e-02 1.975099967098357556e+00 0.000000000000000000e+00 0.000000000000000000e+00
1.925192580750152649e+00 7.480741924984735114e-02 0.000000000000000000e+00 0.000000000000000000e+00
2.413395350202490741e-01 1.758660464979751259e+00 0.000000000000000000e+00 0.000000000000000000e+00
2.106875450743507239e-01 1.789312454925649609e+00 0.000000000000000000e+00 0.000000000000000000e+00
4.451598046451998858e-02 1.955484019535480567e+00 0.000000000000000000e+00 0.000000000000000000e+00
3.320427000635306491e-02 1.966795729993647157e+00 0.000000000000000000e+00 0.000000000000000000e+00
1.135278322765345127e+00 8.647216772346550950e-01 0.000000000000000000e+00 0.000000000000000000e+00
6.978158345451652700e-01 1.302184165454834952e+00 0.000000000000000000e+00 0.000000000000000000e+00
1.751212384400280264e-02 1.982487876155997419e+00 0.000000000000000000e+00 0.000000000000000000e+00
1.339899497691257046e+00 6.601005023087431756e-01 0.000000000000000000e+00 0.000000000000000000e+00
9.230285160601163774e-01 1.076971483939883845e+00 0.000000000000000000e+00 0.000000000000000000e+00
1.040679243390830289e+00 9.593207566091699334e-01 0.000000000000000000e+00 0.000000000000000000e+00
1.933842414383269759e+00 6.615758561673035221e-02 0.000000000000000000e+00 0.000000000000000000e+00
1.814987001850894677e+00 1.850129981491053233e-01 0.000000000000000000e+00 0.000000000000000000e+00
1.192619352760845297e-01 1.880738064723915803e+00 0.000000000000000000e+00 0.000000000000000000e+00
1.374959311322994981e+00 6.250406886770051296e-01 0.000000000000000000e+00 0.000000000000000000e+00
1.706053479270325468e+00 2.939465207296746430e-01 0.000000000000000000e+00 0.000000000000000000e+00
1.500532235786037338e+00 4.994677642139627727e-01 0.000000000000000000e+00 0.000000000000000000e+00
4.245693567394326351e-01 1.575430643260567809e+00 0.000000000000000000e+00 0.000000000000000000e+00
1.070425960321738090e+00 9.295740396782621318e-01 0.000000000000000000e+00 0.000000000000000000e+00
1.009713133380224059e+00 9.902868666197761627e-01 0.000000000000000000e+00 0.000000000000000000e+00
1.745437729960083173e+00 2.545622700399169380e-01 0.000000000000000000e+00 0.000000000000000000e+00
1.122400521561067066e+00 8.775994784389331560e-01 0.000000000000000000e+00 0.000000000000000000e+00
1.387022484691454061e+00 6.129775153085461614e-01 0.000000000000000000e+00 0.000000000000000000e+00
1.354473666537696630e+00 6.455263334623035920e-01 0.000000000000000000e+00 0.000000000000000000e+00
1.968985421890703913e+00 3.101457810929619807e-02 0.000000000000000000e+00 0.000000000000000000e+00
1.190182807428810108e-01 1.880981719257119433e+00 0.000000000000000000e+00 0.000000000000000000e+00
1.459579791986161501e+00 5.404202080138386100e-01 0.000000000000000000e+00 0.000000000000000000e+00
3.270659747157986796e-01 1.672934025284201542e+00 0.000000000000000000e+00 0.000000000000000000e+00
1.773633212046500152e+00 2.263667879535000704e-01 0.000000000000000000e+00 0.000000000000000000e+00
1.943897901666751027e+00 5.610209833324908413e-02 0.000000000000000000e+00 0.000000000000000000e+00
1.293961529963554291e-01 1.870603847003645015e+00 0.000000000000000000e+00 0.000000000000000000e+00
1.835891041201526575e+00 1.641089587984735365e-01 0.000000000000000000e+00 0.000000000000000000e+00
1.645345955283244122e+00 3.546540447167559895e-01 0.000000000000000000e+00 0.000000000000000000e+00
1.484817810075716116e+00 5.151821899242839953e-01 0.000000000000000000e+00 0.000000000000000000e+00
9.898631790129952535e-02 1.901013682098700919e+00 0.000000000000000000e+00 0.000000000000000000e+00
1.416486616156228173e+00 5.835133838437719378e-01 0.000000000000000000e+00 0.000000000000000000e+00
1.529590194964212113e+00 4.704098050357879979e-01 0.000000000000000000e+00 0.000000000000000000e+00
7.839629593409289665e-01 1.216037040659071256e+00 0.000000000000000000e+00 0.000000000000000000e+00
1.384041911354536358e+00 6.159580886454638637e-01 0.000000000000000000e+00 0.000000000000000000e+00
8.223652683974125299e-02 1.917763473160259080e+00 0.000000000000000000e+00 0.000000000000000000e+00
1.154065390678157055e+00 8.459346093218431673e-01 0.000000000000000000e+00 0.000000000000000000e+00
1.919279893962325012e+00 8.072010603767487691e-02 0.000000000000000000e+00 0.000000000000000000e+00
7.049071136903717338e-01 1.295092886309628488e+00 0.000000000000000000e+00 0.000000000000000000e+00
6.808231182604891352e-01 1.319176881739511087e+00 0.000000000000000000e+00 0.000000000000000000e+00
9.658050819888068794e-01 1.034194918011193343e+00 0.000000000000000000e+00 0.000000000000000000e+00
1.783124368662099890e+00 2.168756313379003320e-01 0.000000000000000000e+00 0.000000000000000000e+00
5.917009125779548739e-01 1.408299087422045348e+00 0.000000000000000000e+00 0.000000000000000000e+00
5.706736922602280160e-01 1.429326307739772206e+00 0.000000000000000000e+00 0.000000000000000000e+00
9.619465533979743022e-03 1.990380534466020812e+00 0.000000000000000000e+00 0.000000000000000000e+00
4.976697823358076089e-01 1.502330217664192613e+00 0.000000000000000000e+00 0.000000000000000000e+00
9.554107106016893614e-01 1.044589289398310861e+00 0.000000000000000000e+00 0.000000000000000000e+00
1.588110610499274600e+00 4.118893895007255113e-01 0.000000000000000000e+00 0.000000000000000000e+00
7.335720682989108621e-01 1.266427931701089360e+00 0.000000000000000000e+00 0.000000000000000000e+00
1.139944558841102573e+00 8.600554411588976489e-01 0.000000000000000000e+00 0.000000000000000000e+00
1.587744451427957282e+00 4.122555485720428292e-01 0.000000000000000000e+00 0.000000000000000000e+00
4.594419256499082671e-01 1.540558074350092177e+00 0.000000000000000000e+00 0.000000000000000000e+00
1.421494593644723636e+00 5.785054063552765857e-01 0.000000000000000000e+00 0.000000000000000000e+00
1.617909300321882293e+00 3.820906996781178178e-01 0.000000000000000000e+00 0.000000000000000000e+00
1.300582755375244037e+00 6.994172446247561847e-01 0.000000000000000000e+00 0.000000000000000000e+00
5.976569447271127267e-01 1.402343055272887495e+00 0.000000000000000000e+00 0.000000000000000000e+00
1.567501344918887929e+00 4.324986550811121822e-01 0.000000000000000000e+00 0.000000000000000000e+00
1.526316041720623851e+00 4.736839582793762604e-01 0.000000000000000000e+00 0.000000000000000000e+00
1.456979555906656731e+00 -5.430204440933434906e-01 0.000000000000000000e+00 0.000000000000000000e+00
1.879199653279053361e+00 -1.208003467209470827e-01 0.000000000000000000e+00 0.000000000000000000e+00
1.118867609345971514e-01 -1.888113239065402960e+00 0.000000000000000000e+00 0.000000000000000000e+00
7.969383468452835295e-01 -1.203061653154716693e+00 0.000000000000000000e+00 0.000000000000000000e+00
1.432473918991751916e+00 -5.675260810082483065e-01 0.000000000000000000e+00 0.000000000000000000e+00
4.123881854843166606e-01 -1.587611814515683450e+00 0.000000000000000000e+00 0.000000000000000000e+00
4.926485979628320022e-01 -1.507351402037168109e+00 0.000000000000000000e+00 0.000000000000000000e+00
3.930212212807715488e-02 -1.960697877871922845e+00 0.000000000000000000e+00 0.000000000000000000e+00
4.415343332999402959e-01 -1.558465666700059815e+00 0.000000000000000000e+00 0.000000000000000000e+00
7.546181727069145584e-01 -1.245381827293085664e+00 0.000000000000000000e+00 0.000000000000000000e+00
1.265391662900501091e+00 -7.346083370994991313e-01 0.000000000000000000e+00 0.000000000000000000e+00
1.350563808859698733e+00 -6.494361911403014886e-01 0.000000000000000000e+00 0.000000000000000000e+00
1.783912496460343444e+00 -2.160875035396569999e-01 0.000000000000000000e+00 0.000000000000000000e+00
1.356850813317139970e+00 -6.431491866828602522e-01 0.000000000000000000e+00 0.000000000000000000e+00
1.040220007337566477e+00 -9.597799926624337452e-01 0.000000000000000000e+00 0.000000000000000000e+00
7.366141151683738286e-01 -1.263385884831626393e+00 0.000000000000000000e+00 0.000000000000000000e+00
8.567840847178289643e-01 -1.143215915282171258e+00 0.000000000000000000e+00 0.000000000000000000e+00
2.638102014344455570e-01 -1.736189798565554554e+00 0.000000000000000000e+00 0.000000000000000000e+00
1.435227607068110256e-01 -1.856477239293189196e+00 0.000000000000000000e+00 0.000000000000000000e+00
6.745981360679838001e-01 -1.325401863932016422e+00 0.000000000000000000e+00 0.000000000000000000e+00
8.099060252718839337e-01 -1.190093974728116288e+00 0.000000000000000000e+00 0.000000000000000000e+00
1.556901241922989065e+00 -4.430987580770111567e-01 0.000000000000000000e+00 0.000000000000000000e+00
1.912273342367558193e+00 -8.772665763244225090e-02 0.000000000000000000e+00 0.000000000000000000e+00
1.481422662328557793e+00 -5.185773376714424288e-01 0.000000000000000000e+00 0.000000000000000000e+00
1.976590616295844871e+00 -2.340938370415557301e-02 0.000000000000000000e+00 0.000000000000000000e+00
1.550732959108071185e+00 -4.492670408919290370e-01 0.000000000000000000e+00 0.000000000000000000e+00
1.651892861214727226e+00 -3.481071387852732180e-01 0.000000000000000000e+00 0.000000000000000000e+00
4.202289040913617102e-01 -1.579771095908638401e+00 0.000000000000000000e+00 0.000000000000000000e+00
1.726672415850331710e+00 -2.733275841496685121e-01 0.000000000000000000e+00 0.000000000000000000e+00
1.894552722382054188e+00 -1.054472776179463667e-01 0.000000000000000000e+00 0.000000000000000000e+00
8.026690050890177286e-01 -1.197330994910982493e+00 0.000000000000000000e+00 0.000000000000000000e+00
1.390128533557583035e-01 -1.860987146644241808e+00 0.000000000000000000e+00 0.000000000000000000e+00
9.307131765110026045e-01 -1.069286823488997618e+00 0.000000000000000000e+00 0.000000000000000000e+00
7.856260992312762426e-01 -1.214373900768723979e+00 0.000000000000000000e+00 0.000000000000000000e+00
1.004826608821897338e+00 -9.951733911781028841e-01 0.000000000000000000e+00 0.000000000000000000e+00
1.361237131367056818e+00 -6.387628686329434036e-01 0.000000000000000000e+00 0.000000000000000000e+00
1.858554666272555167e+00 -1.414453337274452771e-01 0.000000000000000000e+00 0.000000000000000000e+00
1.313775280636911180e+00 -6.862247193630890418e-01 0.000000000000000000e+00 0.000000000000000000e+00
1.693207134395404712e+00 -3.067928656045957325e-01 0.000000000000000000e+00 0.000000000000000000e+00
4.410901716745810885e-01 -1.558909828325419022e+00 0.000000000000000000e+00 0.000000000000000000e+00
9.079160215297428227e-01 -1.092083978470257399e+00 0.000000000000000000e+00 0.000000000000000000e+00
4.332630175118138416e-01 -1.566736982488186269e+00 0.000000000000000000e+00 0.000000000000000000e+00
1.295276722918369705e+00 -7.047232770816305170e-01 0.000000000000000000e+00 0.000000000000000000e+00
5.118101087202121535e-01 -1.488189891279787958e+00 0.000000000000000000e+00 0.000000000000000000e+00
1.460528418789654115e+00 -5.394715812103461072e-01 0.000000000000000000e+00 0.000000000000000000e+00
8.436845361014799760e-01 -1.156315463898520246e+00 0.000000000000000000e+00 0.000000000000000000e+00
1.683799782564199710e+00 -3.162002174358005124e-01 0.000000000000000000e+00 0.000000000000000000e+00
4.799948488543315239e-01 -1.520005151145668698e+00 0.000000000000000000e+00 0.000000000000000000e+00
1.687905746156344478e+00 -3.120942538436557445e-01 0.000000000000000000e+00 0.000000000000000000e+00
8.699898548422795308e-01 -1.130010145157720691e+00 0.000000000000000000e+00 0.000000000000000000e+00
2.929171240990935399e-02 -1.970708287590090757e+00 0.000000000000000000e+00 0.000000000000000000e+00
5.593341552898467572e-02 -1.944066584471015435e+00 0.000000000000000000e+00 0.000000000000000000e+00
7.496281890118492441e-01 -1.250371810988150978e+00 0.000000000000000000e+00 0.000000000000000000e+00
1.960638008882021222e+00 -3.936199111797922257e-02 0.000000000000000000e+00 0.000000000000000000e+00
1.986709277657640715e+00 -1.329072234235972871e-02 0.000000000000000000e+00 0.000000000000000000e+00
1.346763019796834548e+00 -6.532369802031656736e-01 0.000000000000000000e+00 0.000000000000000000e+00
1.761216789805966521e+00 -2.387832101940337015e-01 0.000000000000000000e+00 0.000000000000000000e+00
5.944692493856416071e-01 -1.405530750614358615e+00 0.000000000000000000e+00 0.000000000000000000e+00
5.640065209133187096e-01 -1.435993479086681512e+00 0.000000000000000000e+00 0.000000000000000000e+00
9.961397863037915190e-01 -1.003860213696208703e+00 0.000000000000000000e+00 0.000000000000000000e+00
4.147777396483506296e-01 -1.585222260351649481e+00 0.000000000000000000e+00 0.000000000000000000e+00
4.502651650954491158e-01 -1.549734834904550995e+00 0.000000000000000000e+00 0.000000000000000000e+00
7.424772481621479958e-01 -1.257522751837852226e+00 0.000000000000000000e+00 0.000000000000000000e+00
1.783162261465985665e+00 -2.168377385340145569e-01 0.000000000000000000e+00 0.000000000000000000e+00
9.637078252493300745e-01 -1.036292174750670148e+00 0.000000000000000000e+00 0.000000000000000000e+00
9.912479714625606064e-01 -1.008752028537439616e+00 0.000000000000000000e+00 0.000000000000000000e+00
1.775365218794024980e+00 -2.246347812059752425e-01 0.000000000000000000e+00 0.000000000000000000e+00
1.681261601530697813e+00 -3.187383984693026306e-01 0.000000000000000000e+00 0.000000000000000000e+00
4.542566936565730629e-01 -1.545743306343427159e+00 0.000000000000000000e+00 0.000000000000000000e+00
9.169801134804893561e-01 -1.083019886519510866e+00 0.000000000000000000e+00 0.000000000000000000e+00
1.628867625938113406e+00 -3.711323740618868161e-01 0.000000000000000000e+00 0.000000000000000000e+00
1.348946179286382163e-01 -1.865105382071361895e+00 0.000000000000000000e+00 0.000000000000000000e+00
3.271837153206212934e-01 -1.672816284679378818e+00 0.000000000000000000e+00 0.000000000000000000e+00
1.728125264395265148e+00 -2.718747356047352959e-01 0.000000000000000000e+00 0.000000000000000000e+00
1.073954969585206198e+00 -9.260450304147940237e-01 0.000000000000000000e+00 0.000000000000000000e+00
1.022068993612882393e-01 -1.897793100638711872e+00 0.000000000000000000e+00 0.000000000000000000e+00
4.338002621365684153e-01 -1.566199737863431807e+00 0.000000000000000000e+00 0.000000000000000000e+00
1.343378589174177185e+00 -6.566214108258230375e-01 0.000000000000000000e+00 0.000000000000000000e+00
1.942976458845024457e+00 -5.702354115497576537e-02 0.000000000000000000e+00 0.000000000000000000e+00
1.117775298565026665e+00 -8.822247014349735572e-01 0.000000000000000000e+00 0.000000000000000000e+00
5.718016465041564356e-02 -1.942819835349584245e+00 0.000000000000000000e+00 0.000000000000000000e+00
3.050360760502857094e-02 -1.969496392394971540e+00 0.000000000000000000e+00 0.000000000000000000e+00
1.085797939147198576e+00 -9.142020608528016457e-01 0.000000000000000000e+00 0.000000000000000000e+00
1.230154726245241692e-01 -1.876984527375475942e+00 0.000000000000000000e+00 0.000000000000000000e+00
3.903012528673274195e-01 -1.609698747132672692e+00 0.000000000000000000e+00 0.000000000000000000e+00
9.745302553023997838e-01 -1.025469744697600438e+00 0.000000000000000000e+00 0.000000000000000000e+00
1.737265801913491448e+00 -2.627341980865087745e-01 0.000000000000000000e+00 0.000000000000000000e+00
1.771659674089766323e+00 -2.283403259102338989e-01 0.000000000000000000e+00 0.000000000000000000e+00
1.001246680895249819e+00 -9.987533191047504033e-01 0.000000000000000000e+00 0.000000000000000000e+00
7.485624397020207432e-01 -1.251437560297979479e+00 0.000000000000000000e+00 0.000000000000000000e+00
1.515965181944504359e+00 -4.840348180554958635e-01 0.000000000000000000e+00 0.000000000000000000e+00
2.089729077483918340e-01 -1.791027092251608277e+00 0.000000000000000000e+00 0.000000000000000000e+00
1.063410724794405571e+00 -9.365892752055946513e-01 0.000000000000000000e+00 0.000000000000000000e+00
4.747276108027532748e-01 -1.525272389197246836e+00 0.000000000000000000e+00 0.000000000000000000e+00
1.366725236202367411e-01 -1.863327476379763148e+00 0.000000000000000000e+00 0.000000000000000000e+00
4.684574459310127947e-01 -1.531542554068987316e+00 0.000000000000000000e+00 0.000000000000000000e+00
1.034277209169389256e+00 -9.657227908306109665e-01 0.000000000000000000e+00 0.000000000000000000e+00
1.199170470039730985e+00 -8.008295299602692374e-01 0.000000000000000000e+00 0.000000000000000000e+00
1.232523128927095035e+00 -7.674768710729051868e-01 0.000000000000000000e+00 0.000000000000000000e+00
1.810949118378545553e+00 -1.890508816214548915e-01 0.000000000000000000e+00 0.000000000000000000e+00
5.466107310149148635e-02 -1.945338926898508625e+00 0.000000000000000000e+00 0.000000000000000000e+00
1.314049522640977630e-01 -1.868595047735902348e+00 0.000000000000000000e+00 0.000000000000000000e+00
9.491435886867194416e-02 -1.905085641131328167e+00 0.000000000000000000e+00 0.000000000000000000e+00
1.992167035023655330e+00 -7.832964976345113683e-03 0.000000000000000000e+00 0.000000000000000000e+00
9.743610475955293282e-01 -1.025638952404470894e+00 0.000000000000000000e+00 0.000000000000000000e+00
1.736927925988219101e+00 -2.630720740117812317e-01 0.000000000000000000e+00 0.000000000000000000e+00
1.939218312941970446e+00 -6.078168705803010941e-02 0.000000000000000000e+00 0.000000000000000000e+00
1.561590340052853021e-01 -1.843840965994714809e+00 0.000000000000000000e+00 0.000000000000000000e+00
2.520600866582215493e-01 -1.747939913341778562e+00 0.000000000000000000e+00 0.000000000000000000e+00
3.242500003996825475e-01 -1.675749999600317564e+00 0.000000000000000000e+00 0.000000000000000000e+00
3.073723104957378771e-01 -1.692627689504262234e+00 0.000000000000000000e+00 0.000000000000000000e+00
1.219800538807239043e+00 -7.801994611927611789e-01 0.000000000000000000e+00 0.000000000000000000e+00
1.672999198516336161e+00 -3.270008014836640609e-01 0.000000000000000000e+00 0.000000000000000000e+00
6.939154244702057106e-01 -1.306084575529794511e+00 0.000000000000000000e+00 0.000000000000000000e+00
1.435469548478987445e+00 -5.645304515210129992e-01 0.000000000000000000e+00 0.000000000000000000e+00
8.309747069568700351e-01 -1.169025293043130187e+00 0.000000000000000000e+00 0.000000000000000000e+00
1.508101874846414781e+00 -4.918981251535854415e-01 0.000000000000000000e+00 0.000000000000000000e+00
3.700355464831428520e-02 -1.962996445351685715e+00 0.000000000000000000e+00 0.000000000000000000e+00
5.395471491997216873e-02 -1.946045285080027831e+00 0.000000000000000000e+00 0.000000000000000000e+00
1.219587055712760604e+00 -7.804129442872396183e-01 0.000000000000000000e+00 0.000000000000000000e+00
1.259136246688669747e+00 -7.408637533113304752e-01 0.000000000000000000e+00 0.000000000000000000e+00
1.282491858834683862e+00 -7.175081411653163599e-01 0.000000000000000000e+00 0.000000000000000000e+00
1.250567417839640427e+00 -7.494325821603597948e-01 0.000000000000000000e+00 0.000000000000000000e+00
3.336429742651315644e-01 -1.666357025734868547e+00 0.000000000000000000e+00 0.000000000000000000e+00
1.915682095390232043e+00 -8.431790460976817947e-02 0.000000000000000000e+00 0.000000000000000000e+00
-1.490234306593088975e+00 -5.097656934069112467e-01 0.000000000000000000e+00 0.000000000000000000e+00
-3.330762164669363035e-01 -1.666923783533063919e+00 0.000000000000000000e+00 0.000000000000000000e+00
-1.309884730628728011e+00 -6.901152693712722108e-01 0.000000000000000000e+00 0.000000000000000000e+00
-1.046982897136444768e+00 -9.530171028635554542e-01 0.000000000000000000e+00 0.000000000000000000e+00
-1.725625750153736426e-01 -1.827437424984626801e+00 0.000000000000000000e+00 0.000000000000000000e+00
-6.445041191010105752e-01 -1.355495880898989647e+00 0.000000000000000000e+00 0.000000000000000000e+00
-1.983206686107310324e+00 -1.679331389268978736e-02 0.000000000000000000e+00 0.000000000000000000e+00
-1.515596904859616734e+00 -4.844030951403833773e-01 0.000000000000000000e+00 0.000000000000000000e+00
-6.172866959713498858e-01 -1.382713304028650336e+00 0.000000000000000000e+00 0.000000000000000000e+00
-1.802782133362864414e+00 -1.972178666371356970e-01 0.000000000000000000e+00 0.000000000000000000e+00
-1.115295067547408259e+00 -8.847049324525919634e-01 0.000000000000000000e+00 0.000000000000000000e+00
-1.576292551451709656e+00 -4.237074485482904551e-01 0.000000000000000000e+00 0.000000000000000000e+00
-1.385821633826144428e+00 -6.141783661738557942e-01 0.000000000000000000e+00 0.000000000000000000e+00
-1.165035347203251526e+00 -8.349646527967486964e-01 0.000000000000000000e+00 0.000000000000000000e+00
-1.261117306448848341e+00 -7.388826935511518812e-01 0.000000000000000000e+00 0.000000000000000000e+00
-1.937282236983014272e+00 -6.271776301698572809e-02 0.000000000000000000e+00 0.000000000000000000e+00
-1.805221394578441219e+00 -1.947786054215588925e-01 0.000000000000000000e+00 0.000000000000000000e+00
-1.720296658986980809e+00 -2.797033410130191911e-01 0.000000000000000000e+00 0.000000000000000000e+00
-1.005581390597869662e+00 -9.944186094021305600e-01 0.000000000000000000e+00 0.000000000000000000e+00
-1.337605011524842347e+00 -6.623949884751578754e-01 0.000000000000000000e+00 0.000000000000000000e+00
-7.703851141667468205e-01 -1.229614885833253402e+00 0.000000000000000000e+00 0.000000000000000000e+00
-1.193316436751462373e+00 -8.066835632485378493e-01 0.000000000000000000e+00 0.000000000000000000e+00
-8.923640184183956325e-01 -1.107635981581604590e+00 0.000000000000000000e+00 0.000000000000000000e+00
-4.893241538188852768e-01 -1.510675846181114945e+00 0.000000000000000000e+00 0.000000000000000000e+00
-6.955830611304960609e-01 -1.304416938869504161e+00 0.000000000000000000e+00 0.000000000000000000e+00
-5.063177342774392020e-01 -1.493682265722561020e+00 0.000000000000000000e+00 0.000000000000000000e+00
-1.505762554870235803e-01 -1.849423744512976864e+00 0.000000000000000000e+00 0.000000000000000000e+00
-1.990682656137406692e+00 -9.317343862593530091e-03 0.000000000000000000e+00 0.000000000000000000e+00
-9.885997896612068736e-01 -1.011400210338793348e+00 0.000000000000000000e+00 0.000000000000000000e+00
-1.624648199041085039e+00 -3.753518009589151827e-01 0.000000000000000000e+00 0.000000000000000000e+00
-1.777382949332668716e+00 -2.226170506673312843e-01 0.000000000000000000e+00 0.000000000000000000e+00
-1.339069742884678060e+00 -6.609302571153221617e-01 0.000000000000000000e+00 0.000000000000000000e+00
-3.903172085773971567e-01 -1.609682791422603287e+00 0.000000000000000000e+00 0.000000000000000000e+00
-2.537493189556163653e-01 -1.746250681044383857e+00 0.000000000000000000e+00 0.000000000000000000e+00
-1.471867010967714995e+00 -5.281329890322852272e-01 0.000000000000000000e+00 0.000000000000000000e+00
-4.292859620172770896e-01 -1.570714037982723355e+00 0.000000000000000000e+00 0.000000000000000000e+00
-3.518824181319291089e-02 -1.964811758186807644e+00 0.000000000000000000e+00 0.000000000000000000e+00
-7.269711010060340151e-01 -1.273028898993966207e+00 0.000000000000000000e+00 0.000000000000000000e+00
-1.631222749610988787e+00 -3.687772503890113240e-01 0.000000000000000000e+00 0.000000000000000000e+00
-1.321601300506429322e+00 -6.783986994935709003e-01 0.000000000000000000e+00 0.000000000000000000e+00
-9.422060074409768227e-01 -1.057793992559023399e+00 0.000000000000000000e+00 0.000000000000000000e+00
-4.391905077205700003e-01 -1.560809492279430444e+00 0.000000000000000000e+00 0.000000000000000000e+00
-1.991860828026267738e+00 -8.139171973732373111e-03 0.000000000000000000e+00 0.000000000000000000e+00
-8.286997890494762764e-02 -1.917130021095052594e+00 0.000000000000000000e+00 0.000000000000000000e+00
-9.921462573605677182e-01 -1.007853742639432504e+00 0.000000000000000000e+00 0.000000000000000000e+00
-1.304219657100190943e+00 -6.957803428998092787e-01 0.000000000000000000e+00 0.000000000000000000e+00
-1.403304655309040694e+00 -5.966953446909595282e-01 0.000000000000000000e+00 0.000000000000000000e+00
-4.359254406776222890e-01 -1.564074559322377933e+00 0.000000000000000000e+00 0.000000000000000000e+00
-4.043891780812109982e-01 -1.595610821918789224e+00 0.000000000000000000e+00 0.000000000000000000e+00
-1.272441418375796385e+00 -7.275585816242038373e-01 0.000000000000000000e+00 0.000000000000000000e+00
-7.007174297158416110e-01 -1.299282570284158611e+00 0.000000000000000000e+00 0.000000000000000000e+00
-6.200682940622008754e-01 -1.379931705937799347e+00 0.000000000000000000e+00 0.000000000000000000e+00
-4.038103809588302617e-01 -1.596189619041170182e+00 0.000000000000000000e+00 0.000000000000000000e+00
-1.421923530568177441e+00 -5.780764694318227814e-01 0.000000000000000000e+00 0.000000000000000000e+00
-1.490392952790337677e+00 -5.096070472096625448e-01 0.000000000000000000e+00 0.000000000000000000e+00
-1.330488209689256518e+00 -6.695117903107437041e-01 0.000000000000000000e+00 0.000000000000000000e+00
-1.451986468739459690e+00 -5.480135312605404208e-01 0.000000000000000000e+00 0.000000000000000000e+00
-5.399009495592421715e-02 -1.946009905044076227e+00 0.000000000000000000e+00 0.000000000000000000e+00
-6.141024920592808023e-02 -1.938589750794072364e+00 0.000000000000000000e+00 0.000000000000000000e+00
-7.982716913052134711e-01 -1.201728308694786751e+00 0.000000000000000000e+00 0.000000000000000000e+00
-1.678599476638982679e+00 -3.214005233610174317e-01 0.000000000000000000e+00 0.000000000000000000e+00
-1.287013345832687117e-01 -1.871298665416731621e+00 0.000000000000000000e+00 0.000000000000000000e+00
-5.460614012572344578e-01 -1.453938598742765764e+00 0.000000000000000000e+00 0.000000000000000000e+00
-1.481682978305165488e-02 -1.985183170216948678e+00 0.000000000000000000e+00 0.000000000000000000e+00
-1.900347725844562685e+00 -9.965227415543731482e-02 0.000000000000000000e+00 0.000000000000000000e+00
-1.911106739315081793e+00 -8.889326068491831823e-02 0.000000000000000000e+00 0.000000000000000000e+00
-4.251584820090086314e-01 -1.574841517990991591e+00 0.000000000000000000e+00 0.000000000000000000e+00
-7.050426110333458674e-01 -1.294957388966654355e+00 0.000000000000000000e+00 0.000000000000000000e+00
-7.457317533030856094e-01 -1.254268246696914613e+00 0.000000000000000000e+00 0.000000000000000000e+00
-1.917491975612022781e+00 -8.250802438797733007e-02 0.000000000000000000e+00 0.000000000000000000e+00
-1.826861369467355001e+00 -1.731386305326449992e-01 0.000000000000000000e+00 0.000000000000000000e+00
-2.018007774441188396e-02 -1.979819922255588560e+00 0.000000000000000000e+00 0.000000000000000000e+00
-1.108568256861490520e+00 -8.914317431385097024e-01 0.000000000000000000e+00 0.000000000000000000e+00
-6.560800458210758190e-01 -1.343919954178924403e+00 0.000000000000000000e+00 0.000000000000000000e+00
-7.213345084833644449e-01 -1.278665491516635777e+00 0.000000000000000000e+00 0.000000000000000000e+00
-1.935857989395937562e+00 -6.414201060406254928e-02 0.000000000000000000e+00 0.000000000000000000e+00
-5.845583979426132171e-01 -1.415441602057387005e+00 0.000000000000000000e+00 0.000000000000000000e+00
-1.844578068865851739e+00 -1.554219311341483722e-01 0.000000000000000000e+00 0.000000000000000000e+00
-4.246088119516624459e-01 -1.575391188048337998e+00 0.000000000000000000e+00 0.000000000000000000e+00
-1.105707623529483374e+00 -8.942923764705168477e-01 0.000000000000000000e+00 0.000000000000000000e+00
-1.437618961081874591e+00 -5.623810389181256308e-01 0.000000000000000000e+00 0.000000000000000000e+00
-7.803634800430898633e-01 -1.219636519956910359e+00 0.000000000000000000e+00 0.000000000000000000e+00
-1.859203010202719053e+00 -1.407969897972810580e-01 0.000000000000000000e+00 0.000000000000000000e+00
-7.399611819490350406e-01 -1.260038818050965181e+00 0.000000000000000000e+00 0.000000000000000000e+00
-1.331465626634517285e+00 -6.685343733654829368e-01 0.000000000000000000e+00 0.000000000000000000e+00
-1.916615246051275534e+00 -8.338475394872435498e-02 0.000000000000000000e+00 0.000000000000000000e+00
-1.210487704765402572e+00 -7.895122952345976497e-01 0.000000000000000000e+00 0.000000000000000000e+00
-1.961768354406453696e+00 -3.823164559354641501e-02 0.000000000000000000e+00 0.000000000000000000e+00
-1.412609908085674215e+00 -5.873900919143260069e-01 0.000000000000000000e+00 0.000000000000000000e+00
-3.568778039929021428e-02 -1.964312219600710119e+00 0.000000000000000000e+00 0.000000000000000000e+00
-1.708126735302937016e+00 -2.918732646970630951e-01 0.000000000000000000e+00 0.000000000000000000e+00
-1.919349127227733653e+00 -8.065087277226645757e-02 0.000000000000000000e+00 0.000000000000000000e+00
-9.738254190203530225e-01 -1.026174580979647200e+00 0.000000000000000000e+00 0.000000000000000000e+00
-1.767602742173908670e+00 -2.323972578260914412e-01 0.000000000000000000e+00 0.000000000000000000e+00
-2.075610261643058285e-01 -1.792438973835694505e+00 0.000000000000000000e+00 0.000000000000000000e+00
-1.184380970523181809e+00 -8.156190294768184135e-01 0.000000000000000000e+00 0.000000000000000000e+00
-8.431469922052337029e-01 -1.156853007794766519e+00 0.000000000000000000e+00 0.000000000000000000e+00
-1.651010061646879468e+00 -3.489899383531206434e-01 0.000000000000000000e+00 0.000000000000000000e+00
-1.962870258817842606e-01 -1.803712974118216072e+00 0.000000000000000000e+00 0.000000000000000000e+00
-1.452550199139281517e+00 -5.474498008607187050e-01 0.000000000000000000e+00 0.000000000000000000e+00
-1.047532390424197990e+00 -9.524676095758022321e-01 0.000000000000000000e+00 0.000000000000000000e+00
-1.171800599681067645e+00 -8.281994003189325770e-01 0.000000000000000000e+00 0.000000000000000000e+00
-1.761296831380458450e+00 -2.387031686195416613e-01 0.000000000000000000e+00 0.000000000000000000e+00
-7.787507134432976041e-01 -1.221249286556702618e+00 0.000000000000000000e+00 0.000000000000000000e+00
-6.325580768188403535e-01 -1.367441923181159869e+00 0.000000000000000000e+00 0.000000000000000000e+00
-9.188376158384155001e-01 -1.081162384161584722e+00 0.000000000000000000e+00 0.000000000000000000e+00
-5.072901892367958077e-01 -1.492709810763204414e+00 0.000000000000000000e+00 0.000000000000000000e+00
-7.718086934192098791e-01 -1.228191306580790343e+00 0.000000000000000000e+00 0.000000000000000000e+00
-1.112804679904398908e+00 -8.871953200956013141e-01 0.000000000000000000e+00 0.000000000000000000e+00
-1.337361301477310027e+00 -6.626386985226901949e-01 0.000000000000000000e+00 0.000000000000000000e+00
-4.179077613305448580e-01 -1.582092238669455586e+00 0.000000000000000000e+00 0.000000000000000000e+00
-4.534702132047141454e-01 -1.546529786795286299e+00 0.000000000000000000e+00 0.000000000000000000e+00
-1.512970527816292154e+00 -4.870294721837080676e-01 0.000000000000000000e+00 0.000000000000000000e+00
-3.853383259263920557e-01 -1.614661674073608388e+00 0.000000000000000000e+00 0.000000000000000000e+00
-5.069587761949196913e-01 -1.493041223805080531e+00 0.000000000000000000e+00 0.000000000000000000e+00
-8.202255640936062520e-02 -1.917977443590639819e+00 0.000000000000000000e+00 0.000000000000000000e+00
-1.349312857831618251e+00 -6.506871421683819712e-01 0.000000000000000000e+00 0.000000000000000000e+00
-1.937451311383922903e+00 -6.254868861607720820e-02 0.000000000000000000e+00 0.000000000000000000e+00
-1.488520271884161694e-01 -1.851147972811584275e+00 0.000000000000000000e+00 0.000000000000000000e+00
-5.257441675820353488e-01 -1.474255832417964873e+00 0.000000000000000000e+00 0.000000000000000000e+00
-1.218003990850263119e+00 -7.819960091497371035e-01 0.000000000000000000e+00 0.000000000000000000e+00
-5.054038008313972430e-01 -1.494596199168602979e+00 0.000000000000000000e+00 0.000000000000000000e+00
-3.505972357364770531e-01 -1.649402764263523391e+00 0.000000000000000000e+00 0.000000000000000000e+00
-1.014559439890536652e-01 -1.898544056010946779e+00 0.000000000000000000e+00 0.000000000000000000e+00
-9.422715580734422058e-01 -1.057728441926558016e+00 0.000000000000000000e+00 0.000000000000000000e+00
0.000000000000000000e+00 0.000000000000000000e+00 0.000000000000000000e+00 0.000000000000000000e+00
